1000
823343
692011
99369
17635
66314
802316
131515
934860
197079
909320
745641
979742
219568
985939
819276
122308
18706
122546
573718
423602
332495
162870
805974
656132
784942
734006
437088
114430
163216
847800
838882
561498
325229
293523
236907
692300
171273
865880
183607
936155
71237
549832
365467
590561
595691
688189
63467
323799
231619
522857
634986
866376
725663
800658
420203
802200
54659
45446
928488
396855
328263
98974
226601
357016
702289
764273
783431
95636
190633
711968
263579
548296
161163
435726
454698
573401
869670
267748
502347
825601
927855
901705
359106
959015
854882
87142
569998
453365
8145
523755
800423
504000
244463
679274
158733
231664
923766
286587
591132
934533
840301
220983
744871
185173
241050
413991
644159
596592
504190
826080
776752
371435
705920
872475
947122
703283
860660
46483
640310
48182
5126
397163
115134
723599
944915
681026
2844
485637
20484
776879
260026
380098
338494
28222
700031
404367
743820
926585
599970
611487
12765
705206
680908
545421
869950
589782
207041
876961
466180
420066
748156
71890
706983
880621
627252
504477
366681
832976
846324
578062
444020
814069
43100
895064
595749
169311
216523
689475
120436
176924
75808
776096
220122
553126
107032
832897
224949
47839
165017
971504
937056
898049
713748
644113
505905
559104
499604
225295
19496
115166
173730
178191
191449
489119
823328
755505
250673
341175
293823
36406
111775
662517
626972
802419
37738
751606
936749
701385
757851
217382
921721
556825
629882
304243
845177
214735
677508
175766
827441
464415
118569
404909
53474
97644
886170
722801
149166
640308
206131
712085
399205
194261
454811
582797
51298
305738
444513
18252
599085
193283
5719
843002
832375
536360
899745
323893
339998
243592
492244
774580
183464
454667
677584
407693
92826
767942
516044
612834
930484
318883
205772
646652
865180
643711
766506
129723
306898
801664
17190
109226
573232
846325
866487
192096
420855
937506
34010
151205
790196
805728
576815
764777
52467
449308
181588
246804
127677
890972
640464
478099
716781
923226
684874
162849
166251
745891
603713
173970
600729
592763
120515
483491
256406
191199
799796
94243
543109
887649
550552
683908
84791
769367
634872
898883
209015
6699
880230
523216
788206
86618
892627
218966
966081
175702
139088
120348
893433
773707
882355
316222
543565
6268
711894
983089
898434
575923
914036
447427
576181
868637
966925
818429
228108
308171
563997
354460
574312
857289
370720
408293
497822
452617
719143
346948
270910
826423
481806
216243
46934
636449
623349
735925
413800
37311
883897
143675
228945
131601
6683
644702
933973
81468
187833
918691
779031
359270
274893
695524
62709
241904
318783
532904
731021
224685
197659
696692
419073
863718
500768
673058
880325
930789
649449
932030
174873
53389
319316
490245
886141
22450
811148
585556
202660
238789
995964
724005
245664
75386
267596
190837
122543
23856
313802
322841
546925
173819
429602
692870
528331
301799
235125
545701
733302
199650
52819
293393
427151
787895
405953
973220
214763
869432
502521
673493
560016
352499
18584
579938
135257
972327
729020
168100
819879
930795
315529
167659
85749
989450
664244
124347
573256
631227
561727
24236
2784
337273
96230
705404
148372
765551
4962
396924
418564
653403
853118
326365
972315
252011
417934
325136
549775
67122
758869
164896
64684
130148
937637
732622
827425
544673
606311
236531
941469
183639
72513
537860
70744
161372
254285
331920
699829
463975
67359
985349
891512
489724
828839
141996
811843
796152
652785
391156
961590
113393
853108
522857
126401
679106
201546
521001
400661
112055
554610
416981
573882
488874
605142
960550
216550
873869
58952
381032
438514
721128
200752
10175
947338
66021
469106
352842
518522
632081
636969
43008
269655
686565
706961
185576
280983
888515
699226
388319
677653
242255
358660
901146
910279
730311
176732
700480
232191
729488
13512
242774
220223
913493
262718
490660
426354
31550
870516
530321
15120
165156
662818
128690
1546
588630
270654
609495
47433
354043
619199
789294
784750
407547
280343
620538
638851
489960
12088
368328
169317
544627
156322
51214
182477
13235
23984
912959
852026
671513
603426
906048
460168
857938
543755
706342
20708
538546
942455
323206
154298
112998
298680
828747
585135
301303
264511
558177
846122
227626
164163
31992
783356
94453
660787
320458
966532
674400
890095
428984
945124
96185
195955
356902
348517
551713
853081
182436
962994
117079
124065
35154
236810
26461
160354
972572
674253
946234
337976
59419
638871
114548
6301
792907
154301
194739
829571
600778
150695
83314
26562
262435
983962
266206
51601
818936
984533
335047
303121
624268
820411
960282
985955
33122
413352
589232
204381
784663
877050
681947
156413
911110
753977
12218
499671
132060
1848
336202
4444
21260
824005
991865
915244
405946
855885
679998
470574
510366
791796
221763
859829
400551
579960
199883
414149
492857
669990
323111
820301
690820
932162
585111
351793
705343
311382
29735
813811
396387
248120
381106
171148
446281
369831
142923
497477
194464
28171
13814
66389
589913
318162
704145
470849
918191
154246
8429
423213
412845
454240
684646
773906
514059
710805
994354
203470
754003
442947
928276
281447
384077
759827
882938
522369
332810
649522
466858
674785
874101
803182
934037
210810
248411
120488
1834
604410
575487
119487
653756
417027
724067
818250
736758
374916
810806
990210
617132
712059
63857
286076
69168
631755
255253
929321
946247
225162
349548
551511
269048
804358
749165
84220
832287
843208
50434
346082
859810
667524
483666
736748
766458
435777
350327
773956
292363
37505
759925
249592
218562
733872
341722
740877
201546
326985
102724
770474
382397
742583
771577
186097
701309
515109
729264
246142
770130
785835
528303
967039
406563
856111
586749
40916
557612
433353
1978
489883
498811
982578
110249
313236
565046
215976
768623
705471
471905
303601
692230
514297
885445
291236
933505
345310
787536
71430
387777
27451
523375
865109
62412
749669
525051
35182
768315
731592
626325
286415
815390
406318
181055
78015
271224
389861
425704
353759
464190
962824
155753
768143
903523
837560
535431
65786
716110
14402
94001
244919
8610
972510
549211
505920
82483
437954
139276
351714
623136
503410
786736
681759
348277
820771
225170
412653
169132
950901
940981
180385
578232
731406
50347
698378
160744
736765
922024
714838
610138
215584
256715
515579
66907
162450
121808
537570
152918
885539
45148
613123
249281
549638
451282
589411
975083
613804
49823
484768
688717
755303
423838
921862
626827
272301
602876
731154
961385
919324
702793
920532
666281
469328
487790
402093
558264
748684
947106
402152
860072
627156
811153
879072
331667
464100
844987
461230
497755
373204
710750
944772
846129
41788
966284
235521
708767
904580
835406
422887
954311
849328
375187
224028
280638
579348
40622
14685
421028
365040
838495
383416
396586
774065
997868
788387
250200
951179
704074
132405
595431
136429
25365
803398
26191
867627
703221
365524
421473
299117
232394
489755
45120
6670
480411
