1000
260522
914575
436426
979445
648772
690081
933447
190629
703497
47202
407775
894325
963982
804784
968417
302156
631932
735902
895728
78537
723857
330739
286918
329211
539679
238506
63340
686568
361868
660016
287940
296263
224593
601449
836991
890310
823355
177068
11431
8580
291757
449218
374934
594328
163676
829355
996221
899080
195922
531545
748511
34067
575467
338674
284691
206504
999835
262034
344965
959980
381221
45895
32501
948152
708325
147731
229302
248153
309896
119022
797489
208399
870607
766466
374432
831502
53968
628333
187475
233792
900084
987010
979694
27328
207354
624712
538409
216480
902643
928121
751951
723492
804420
328197
828607
497925
472167
560717
363438
89200
106986
216104
976483
823620
509806
790881
676858
345559
56553
488502
723554
422962
172325
697435
309279
120464
627327
482549
429832
386595
708200
778720
787658
890639
789992
849130
226467
298989
207958
602581
746600
347466
661473
811929
179775
412581
189770
999455
383718
504628
616807
419335
281898
91552
986530
715811
179569
414148
3384
656954
508913
880114
216315
703686
689334
550382
701392
278326
671008
333553
270962
214957
514850
248231
422061
621185
371588
664305
2980
357564
441890
670052
68747
390943
181740
347593
287469
977370
612516
20443
396007
469525
3299
430412
357163
6699
863571
958976
387455
482217
793590
179343
114427
883220
141342
104584
884239
454496
965875
122601
731258
571449
443377
480040
537428
138238
172455
273517
971653
34433
811768
911957
327307
576456
126878
452977
45368
601999
854882
473541
371826
973764
943269
851401
122098
58698
76763
801515
385413
981495
696523
514571
480206
758357
445904
53310
521410
335844
347611
497484
90410
193559
649262
401394
958949
41107
768546
832737
197987
404979
22306
994685
589291
905542
186542
799134
811094
852751
792089
10898
235729
710212
829964
238297
641823
640720
415297
882280
704917
344338
127176
798183
407965
635740
353541
829555
510003
963316
518256
66013
837611
853974
654931
402024
469609
816176
700304
891151
284199
899876
668825
168893
253939
593737
944374
338323
876846
115819
81154
165157
980814
886343
571886
291197
803100
611856
91709
953879
815479
572461
643014
569123
729744
265400
847094
429447
359020
9152
773963
979674
97829
998984
819930
585322
106665
72646
69385
739191
631353
157605
97110
374453
13356
90243
927694
531854
152297
313075
599831
890974
708720
891837
470695
9845
587154
451673
495306
387865
825524
160952
411231
915329
502353
646331
425692
648027
663413
193081
178438
765063
569858
847358
70266
147801
226095
818374
264807
105051
844868
489478
729809
311304
167007
582308
302992
164499
49650
171706
768399
977822
493698
941015
506381
867267
242282
450237
497119
836111
539926
553444
559788
309826
799944
683702
771888
876944
165655
53521
394489
566946
361131
756616
142445
701654
794434
183522
534850
322683
802542
275226
980741
102486
526101
869661
808532
876961
363568
381903
50276
314758
389772
205766
203259
453224
405836
713741
192054
989018
76325
655395
266949
565925
425056
417850
86378
632711
469083
48184
569790
552559
455945
108345
780268
912322
707501
220555
198772
661785
456675
691312
698665
432321
24920
753696
982516
244857
507149
850948
233807
444535
621591
356284
563082
351268
420898
483674
400841
270939
319593
263717
816003
556334
272768
856471
280965
681121
531083
59103
712366
751149
25732
175776
517488
242238
803064
802736
426773
678070
762122
21274
896632
11560
937455
94748
71880
476061
515889
486954
405320
102034
346733
626345
851090
139640
88212
433717
813135
908211
917037
291483
982144
488668
61778
700256
404345
264127
236398
98808
359328
985758
914566
984591
776371
476076
285805
504964
209279
668370
943309
990441
348329
118125
803429
910661
715241
321166
964870
669394
554314
179513
210901
962687
416748
936614
829965
234222
941122
975748
82234
648311
502997
382193
219838
403172
387006
820803
213711
242547
529136
685442
548343
913431
37420
482923
85843
453239
106314
177903
698901
512622
188535
345777
78275
373321
712177
291404
926261
832972
374093
188747
281562
728237
891698
764271
134836
20504
419420
45101
974743
635433
463897
711277
8110
238645
449487
613324
400246
653889
665524
425243
664258
117961
618389
783581
500789
314619
644688
286477
613899
284025
309913
626134
691920
233179
451065
468697
194727
251051
397706
990763
882500
722471
291068
525652
473266
78850
620052
618000
586319
365411
124456
156626
223115
777764
921380
155517
83757
439764
60679
53801
8526
959990
692967
693604
280475
332416
790249
751406
882199
286557
738954
487355
411991
546539
516505
483637
75268
928254
971066
199736
310428
654107
736932
285332
156786
312766
872868
238159
125418
949652
999768
551968
739710
139905
606965
961269
700475
978460
396802
262638
904516
949806
183002
432159
326222
714423
969326
205906
696419
638505
374721
207875
843615
859755
685674
39458
648246
881111
736149
54997
687788
710076
901378
402483
773211
607964
212485
609930
678577
785583
76228
677657
65135
896671
242685
288151
65195
491338
187581
709546
189903
568836
77801
608433
262359
811986
947193
177147
748119
922927
881528
855310
229747
869323
828294
446305
117798
939399
293654
751649
425020
830714
368688
431088
107735
210607
444464
816417
360685
166565
155781
335166
414216
335885
118131
240258
682437
56528
232337
441376
906454
667143
709580
146618
600256
562049
260322
222378
88413
293056
871016
256636
597788
987836
542149
114
48828
476254
826741
664767
590164
117638
664966
262669
408270
648646
984542
609399
59368
549925
821235
67151
20274
504350
169361
8473
641106
874782
244952
368142
76035
667337
942460
348059
604049
398709
356995
794847
154974
502381
553226
42224
323809
664943
393025
781527
848610
728495
232298
264655
205567
495698
85790
888778
869995
369908
619016
112300
542633
743650
422312
445582
888853
816097
228881
738620
766427
973925
389355
565240
875070
977050
824178
38133
526739
740319
884533
15388
199299
655558
757720
370122
270861
887766
555922
741456
257601
618377
860144
528882
728966
988046
617104
508009
416149
418696
492327
447585
538555
286413
404859
915963
858139
543591
804970
598860
617834
645911
26274
894876
260145
833677
242214
685545
41743
530609
308879
187937
253940
474782
804553
871531
19495
46817
6994
573471
508865
502590
213886
211593
187504
672172
581493
158954
439221
458132
3060
325623
210982
604181
949064
43736
384365
362371
887894
244458
943175
841956
612310
464254
591429
276274
510995
297816
330126
593883
384364
506352
562715
419140
629335
480180
362362
327874
344345
148612
388045
728607
216654
607221
896520
565211
664807
786703
986613
952552
476263
294351
18291
847725
708774
629542
694643
266181
363342
561719
19130
589629
873953
400157
816803
503001
853040
348643
101338
446671
804773
360906
593889
872778
367931
916678
755919
478952
78656
930049
833547
11261
577434
780951
567318
108430
867391
443993
677823
964503
11963
582346
524972
62406
743854
330661
443031
740989
555851
878228
365263
51412
177499
189178
