8388096
7680
0
960
256
245760
268427264
2047
16775168
8355840
3
32736
8372224
260096
67106816
504
255
507904
2096128
448
4096
4064
2095104
520192
510
49152
1024
508
1024
32752
1008
2032
48
8160
1048448
16383
16384
268402688
134184960
131068
8
268427264
65024
8388352
1020
114688
120
245760
262080
268427264
65024
28
0
32256
7936
2
16368
536854528
245760
384
4194176
8388096
65408
16380
480
65408
255
245760
8388096
224
4032
16776704
6
7
65408
1
31744
262112
1015808
0
8190
126
0
0
16376
14
16776192
522240
2093056
8184
960
8188
1047552
131068
4177920
524256
7168
1040384
536854528
1020
130560
127
65528
262080
0
1920
130048
0
2097024
30
14
4080
1022
1047552
1008
1047552
122880
268402688
14
2096128
32256
8192
48
0
12
8190
31744
67100672
524256
256
7
522240
536854528
127
16
8064
8384512
48
28
134184960
31744
508
8388352
536838144
448
1048320
1020
96
8380416
30
516096
33546240
67106816
258048
262080
96
4161536
2016
67106816
523264
2032
261632
7936
16128
3840
480
6144
67100672
768
524224
134184960
960
510
130560
1016
0
1023
2095104
4080
2016
16382
130560
507904
65472
248
127
114688
98304
1022
134201344
126
12288
2096640
268419072
224
2048
3968
1073709056
0
256
130048
126976
2
2046
4186112
496
65520
0
536838144
248
63488
130048
8386560
16352
48
240
16744448
32256
130048
134209536
65280
2048
4190208
2040
131068
0
4194176
2040
28672
1032192
131008
3584
1022
261888
3840
32764
2064384
0
16776192
33546240
262136
268402688
4194176
496
261632
16256
33538048
524160
511
128
1044480
254
120
49152
4190208
67076096
65534
4194048
1040384
268402688
524256
8188
28672
16384
1044480
1048320
240
2096896
32
130560
262128
63488
33550336
14
32256
0
57344
24576
49152
32768
4032
2095104
252
8388096
131056
0
1020
2047
32752
4190208
2096640
32766
1016
8386560
16320
1048320
122880
33538048
0
8184
510
65520
16368
134184960
261120
7936
33521664
65280
65472
523776
504
14336
2
262136
49152
128
7168
32760
28672
16320
253952
448
33553408
2096896
262080
523776
65472
3840
65528
65024
2095104
56
16382
131064
3584
4194176
0
240
2096128
16382
65528
8388096
516096
8192
1020
3
16760832
512
2016
240
4192256
6
2096128
8176
16383
2040
268419072
258048
523264
2093056
114688
0
64
261888
1048512
1048448
4092
0
2016
0
1046528
1073709056
1048512
0
61440
131056
524160
4
524272
32767
2016
1046528
0
1022
134213632
262016
4192256
16
16775168
262128
248
131040
253952
516096
1920
65532
16382
255
16382
1048448
1020
2095104
15
65532
33546240
16776704
16383
63
32766
8388096
16384
4186112
7168
262016
256
1048448
0
2047
15360
130048
4186112
30
65532
32752
124
65408
126976
65534
255
32768
262112
8355840
2032
0
4193280
1047552
64512
1048064
32256
4094
4095
8160
0
0
65528
261888
0
32766
8191
2088960
67076096
8176
112
504
480
16256
12288
16352
448
262112
16
508
8380416
67106816
7168
448
512
1792
67104768
122880
130944
1048512
2032
1048512
16380
992
60
516096
2096640
4095
1020
98304
8388096
8176
511
31744
2080768
0
4193280
32256
262112
4177920
1032192
523264
63488
122880
262080
7168
114688
523264
28
130944
4193280
32766
0
12288
258048
63
16320
8388352
124
2032
8388352
32640
4194048
15872
8190
192
260096
258048
114688
0
15872
134213632
2093056
65408
67092480
496
384
16
128
8190
507904
262112
4092
2046
126976
768
4193280
30
16744448
16128
67076096
268427264
240
32760
8386560
131068
524160
262016
253952
33521664
16256
4161536
4092
491520
8355840
31744
0
229376
253952
16376
262112
33546240
114688
4193792
1032192
960
8355840
0
536854528
0
1040384
4186112
16382
30720
1008
131056
1008
62
4092
4096
1048544
65472
8160
8188
2047
8064
3840
65534
12
32767
7936
384
16128
16760832
524272
2046
16383
2047
16256
8380416
4194176
255
3
32704
2096896
1032192
15360
4192256
65532
16352
120
3968
126
508
3968
2096640
8184
496
524256
516096
0
4064
768
63
8190
480
8355840
229376
1920
536854528
224
384
65520
8191
130944
2016
16368
960
0
1984
96
16760832
524032
3968
8184
16
0
65472
129024
32
1920
8372224
2096128
8191
67100672
4177920
536854528
2047
268419072
2046
1016
131068
1048448
4032
8064
524272
524272
0
480
0
4080
1048448
57344
260096
131068
28672
1048064
261120
1044480
3968
4194048
4190208
8355840
32736
448
1073709056
1920
126
32767
32767
0
8388096
1008
16775168
114688
261120
268419072
536854528
64
508
4190208
16352
4194048
12288
1536
49152
2
524224
8176
262112
67100672
134201344
15360
8388352
522240
255
32704
524272
16320
512
1048320
0
0
1048544
7168
130560
64512
504
6144
8384512
0
67076096
2097024
134213632
4
960
16775168
32704
1048544
480
480
1048512
524272
3072
254
1536
258048
3
8384512
16769024
523264
32736
1008
536838144
16775168
1048448
131040
134213632
260096
6
28672
15
1048064
16380
4194176
768
0
448
252
65532
16760832
261632
4193280
8386560
16383
15360
516096
98304
0
32736
130944
126976
1016
4194176
262112
8372224
2080768
2088960
224
120
60
16368
8
524032
15360
2096128
33550336
1536
65528
16776192
33538048
524272
12288
4092
32
4064
2046
7
114688
33553408
4177920
1073709056
8128
2047
6
16384
2048
8
1048448
0
64512
63
134209536
0
67092480
524256
33521664
4032
16320
1073709056
258048
1016
268419072
33552384
4161536
511
112
1048544
192
67106816
131056
523264
67092480
0
0
8388352
16368
0
384
258048
32
15872
2032
60
516096
3072
491520
4194048
8387584
4194048
1048544
523264
4193792
32764
131056
65472
130944
120
768
15872
510
261120
229376
1073709056
262128
262136
2016
2097088
134213632
16775168
0
261120
384
2064384
60
0
4092
12288
16368
134184960
8387584
229376
7680
0
4096
0
16744448
384
8176
8386560
65532
508
4094
536838144
4161536
3584
67092480
4190208
8184
1048320
512
126
4190208
1040384
1073709056
15872
2097088
16352
8384512
131064
134184960
258048
33521664
63488
504
491520
8
536854528
229376
2088960
1984
768
127
63
65504
256
4080
3840
2088960
7168
130944
127
0
16773120
192
224
2095104
512
2064384
2097088
4190208
8355840
33538048
67100672
7680
30720
62
15872
32767
8386560
4088
130944
268419072
15360
131056
48
8355840
128
507904
12288
0
8372224
127
67104768
32764
67106816
8128
32760
24576
8380416
16769024
2048
31
16383
1016
48
524032
0
16
3584
1022
516096
67100672
130944
31744
14
0
8384512
