50
4 25198
6426 9445 8772 81 
3 12100
7775 4325 3982 
6 19759
5902 5728 8537 3857 739 6918 
4 1884
6568 1868 16 7940 
9 32873
3355 7068 1431 8580 1757 9218 4934 4328 3676 
5 25013
8674 4691 6504 9835 2034 
7 62429
8325 7731 9302 8153 9896 9022 7489 
9 26449
4420 8197 8607 7925 2167 717 3438 9200 6986 
3 22112
5559 6553 8502 
5 19708
464 7327 2549 9832 6595 
10 39303
6467 8989 7958 2581 6600 7466 1473 1929 9775 2581 
9 9195
1552 6530 5811 9569 4148 3384 6954 8913 114 
8 35048
1392 8326 1008 3553 962 4957 4850 8231 
5 26409
7163 6699 3571 8976 7455 
8 29056
4239 4496 5875 2601 1258 1449 3377 40 
7 13759
6456 6878 2977 5368 1999 4882 3541 
3 25461
8698 6763 1515 
7 15095
3310 1410 5844 7611 7484 410 3559 
5 22966
2737 7987 4979 2306 4685 
8 7044
1094 2751 2089 898 5729 212 9964 8297 
10 29109
7965 5740 3541 9555 3 3316 8256 6013 7611 3974 
10 53317
1151 4199 9876 8825 8893 3939 3737 4374 8323 6846 
3 17110
7110 4453 3356 
8 1837
2297 3075 9831 974 8720 1837 695 9845 
3 23389
7865 5524 952 
5 8438
3081 8438 5063 9858 7358 
3 14807
8374 4807 5051 
8 2992
1304 7007 2308 2992 4499 9650 1706 8399 
4 16381
6381 7267 2282 237 
9 34303
3444 9788 9826 9944 3702 1888 6944 5655 3521 
4 12542
4850 2683 2542 5226 
8 32091
9661 8532 6961 3568 1903 276 4758 9772 
7 19089
7850 6378 2711 9083 8184 9790 2559 
4 11112
555 8772 1785 6675 
10 32865
2516 4857 7149 948 3807 4535 1591 6284 3082 1268 
5 7436
2768 6471 965 1121 1083 
7 32275
5776 7488 2238 3064 2736 6773 8070 
3 7354
5320 2034 6733 
10 12034
3717 3135 8211 7037 1483 2144 8668 1778 256 4345 
10 34054
5758 4566 4591 6371 6076 5805 4964 9279 8370 3309 
3 12687
2687 6748 6614 
8 34493
5748 2234 8311 2997 2193 9838 3172 7006 
3 11404
1404 6261 2972 
5 13073
8237 1698 4271 4836 504 
9 18110
3897 1277 8110 8645 9487 3324 246 3889 5524 
4 789
8389 3581 789 4619 
7 27117
4025 9913 6134 1920 3179 1065 8697 
6 8850
1068 5652 3266 8850 52 8000 
5 28885
6626 3115 7764 1380 5517 
8 9222
3604 475 2416 249 1406 2199 6557 8954 
