100
4 164085198
2436426 24979445 61648772 23690081 
3 100302100
71407775 28894325 31963982 
6 169459759
61735902 80895728 23078537 7723857 89330739 10286918 
4 99021884
92686568 73361868 25660016 50287940 
9 413272873
76823355 82177068 4011431 18008580 54291757 60449218 55374934 40594328 64163676 
5 184545013
70338674 24284691 33206504 80999835 31262034 
7 424762429
73708325 6147731 93229302 16248153 98309896 37119022 55797489 
9 168976449
65804420 69328197 34828607 7497925 60472167 37560717 13363438 89089200 41106986 
3 214402112
92345559 22056553 32488502 
5 228539708
92120464 51627327 99482549 77429832 36386595 
10 329289303
3226467 72298989 38207958 31602581 13746600 6347466 64661473 49811929 87179775 16412581 
9 126719195
98091552 86986530 99715811 2179569 41414148 27003384 80656954 93508913 10880114 
8 471985048
46701392 14278326 74671008 36333553 89270962 89214957 21514850 89248231 
5 212186409
92357163 1006699 18863571 99958976 58387455 
8 323289056
92884239 8454496 27965875 69122601 1731258 83571449 32443377 67480040 
7 212583759
94576456 61126878 41452977 42045368 71601999 79854882 23473541 
3 197135461
37058698 60076763 13801515 
7 24845095
12053310 46521410 81335844 8347611 16497484 40090410 46193559 
5 161602966
37832737 21197987 40404979 21022306 49994685 
8 187177044
12811094 21852751 28792089 45010898 87235729 78710212 40829964 18238297 
10 231249109
34407965 42635740 16353541 45829555 67510003 11963316 57518256 69066013 85837611 51853974 
10 407043317
50891151 93284199 69899876 91668825 39168893 4253939 32593737 22944374 2338323 15876846 
3 198097110
98097110 68374453 16013356 
8 83891837
26152297 86313075 47599831 90890974 41708720 83891837 72470695 97009845 
3 197213389
22387865 74825524 80160952 
5 68178438
8193081 68178438 6765063 67569858 77847358 
3 106264807
11818374 6264807 33105051 
8 80302992
4311304 46167007 35582308 80302992 45164499 40049650 89171706 1768399 
4 108506381
8506381 73867267 73242282 81450237 
9 398044303
65553444 24559788 94309826 35799944 38683702 98771888 66876944 76165655 19053521 
4 146802542
2534850 44322683 46802542 76275226 
8 308302091
74869661 15808532 29876961 51363568 60381903 80050276 47314758 81389772 
7 194719089
28417850 57086378 37632711 87469083 57048184 35569790 70552559 
4 127081112
7220555 88198772 31661785 92456675 
10 367212865
92982516 22244857 80507149 57850948 38233807 33444535 62621591 3356284 52563082 52351268 
5 100137436
43272768 83856471 16280965 37681121 24531083 
7 344362275
63175776 74517488 10242238 71803064 56802736 96426773 73678070 
3 19507354
1405320 18102034 75346733 
10 151762034
39433717 52813135 72908211 18917037 99291483 87982144 81488668 46061778 5700256 23404345 
10 302344054
1985758 84914566 87984591 66776371 68476076 21285805 47504964 98209279 58668370 95943309 
3 119962687
19962687 97416748 85936614 
8 290214493
47975748 43082234 43648311 43502997 4382193 93219838 14403172 1387006 
3 130291404
30291404 61926261 6832972 
5 149863073
64728237 53891698 44764271 85134836 63020504 
9 100008110
21463897 68711277 8110 84238645 18449487 13613324 34400246 20653889 77665524 
4 76500789
93618389 66783581 76500789 76314619 
7 280827117
71284025 26309913 68626134 83691920 83233179 79451065 47468697 
6 26078850
75291068 24525652 13473266 26078850 11620052 33618000 
5 296078885
70156626 2223115 83777764 39921380 72155517 
8 127409222
51693604 96280475 91332416 31790249 10751406 13882199 4286557 81738954 
3 146928254
4075268 46928254 30971066 
6 55442118
20736932 47285332 8156786 93312766 98872868 20238159 
10 409751011
44739710 76139905 23606965 94961269 33700475 23978460 78396802 44262638 8904516 55949806 
5 84384395
12039458 78648246 14881111 5736149 77054997 
5 196896471
10607964 7212485 78609930 7678577 64785583 
9 200491321
59288151 19065195 92491338 20187581 3709546 55189903 22568836 7077801 51608433 
8 273048468
30869323 1828294 45446305 28117798 78939399 33293654 16751649 86425020 
7 222135734
86335166 46414216 36335885 79118131 25240258 56682437 30056528 
9 362171369
91146618 79600256 21562049 42260322 43222378 97088413 64293056 77871016 70256636 
7 97664966
18590164 68117638 97664966 73262669 58408270 58648646 41984542 
10 416952278
18821235 86067151 40020274 57504350 26169361 86008473 54641106 59874782 45244952 4368142 
3 86393025
86393025 70781527 69848610 
4 156085790
12205567 93495698 56085790 26888778 
6 27542633
68112300 27542633 96743650 6422312 61445582 76888853 
3 221740352
57766427 63973925 29389355 
5 147555479
54884533 64015388 59199299 28655558 61757720 
3 120528882
3860144 20528882 24728966 
10 132110852
56416149 41418696 6492327 21447585 70538555 60286413 85404859 8915963 7858139 32543591 
6 296333788
44833677 46242214 2685545 80041743 22530609 6308879 
9 26187504
72502590 4213886 62211593 26187504 38672172 22581493 50158954 83439221 71458132 
9 317570605
37604181 33949064 44043736 4384365 78362371 29887894 53244458 26943175 76841956 
10 195864531
43419140 16629335 39480180 24362362 83327874 56344345 90148612 22388045 23728607 44216654 
9 420619760
60986613 6952552 3476263 59294351 62018291 95847725 50708774 40629542 54694643 
5 129165679
97446671 87804773 41360906 87593889 24872778 
9 571887646
12078656 50930049 83833547 48011261 88577434 37780951 79567318 71108430 8867391 
5 223048731
55455549 3001554 91393967 76199215 81260289 
5 175509646
11213781 83796616 64295865 8639920 358504 
4 88946310
48102082 30532285 10311943 60630307 
6 182622104
67768593 3414714 59078422 11438797 22509536 36043565 
10 356061573
97819589 55996994 78890232 84881794 72976322 16706333 68424719 22034246 80572646 38662062 
3 143287611
43287611 47492925 72334274 
10 98565342
13928873 57932407 36540640 9376908 69536302 86779296 4790789 47904581 27354980 64430717 
7 147665606
65811660 2075550 68799590 50073184 9102235 45590056 41114664 
5 161567278
92234112 58100373 54754448 11232793 8084443 
6 104258614
9430054 18442884 1276220 4258614 64762830 58963982 
9 219646712
82071834 97720766 1061215 53569111 79302743 90318645 24769856 22486377 50225353 
10 469614058
16411562 51540018 41283774 6220268 6528293 38583557 70883607 69900645 68262334 21345173 
3 97519499
80905800 16613699 40672457 
4 165362816
9290065 49254031 16108785 99116124 
8 327331612
28659672 95163840 34338545 94443257 50133121 70924419 3801879 46954154 
9 405960524
70565706 5223396 59854597 38486600 99204614 56482562 48785239 46708755 27555688 
7 334970608
58728118 99354959 23623822 66183127 80898677 6181905 74160486 
10 512071179
36315247 20031344 44968742 27723972 69764728 86633107 96719589 28767885 66229697 36616286 
8 271447892
10674803 82553151 9705035 65581785 11933548 51802600 51130518 13782548 
9 417132785
84067266 34688376 24885861 62445199 8635082 79394235 47660428 8877281 10524110 
5 97252867
12288344 13739731 13213296 58011496 48151054 
3 211869065
87677445 24191620 20880449 
8 519056220
85702532 68535436 94626296 86634179 75528528 96312013 11717236 80190138 
6 297997825
41308944 65123224 95198037 86457010 5108647 83113089 
4 89364645
89364645 97670887 78611996 77060702 
