10
10 185338853
2436426 24979445 61648772 23690081 33933447 76190629 62703497 11047202 71407775 28894325 
17 513320287
82631932 61735902 80895728 23078537 7723857 89330739 10286918 2329211 4539679 3238506 17063340 92686568 73361868 25660016 50287940 39296263 62224593 
14 762223539
46045895 8032501 46948152 73708325 6147731 93229302 16248153 98309896 37119022 55797489 15208399 90870607 89766466 54374432 
9 402091520
51627327 99482549 77429832 36386595 71708200 40778720 17787658 6890639 48789992 
5 372089261
74281898 98091552 86986530 99715811 2179569 
14 46701392
33703686 70689334 9550382 46701392 14278326 74671008 36333553 89270962 89214957 21514850 89248231 35422061 54621185 19371588 
4 206111942
17441890 88670052 14068747 22390943 
17 605841447
83612516 17020443 53396007 81469525 83003299 1430412 92357163 1006699 18863571 99958976 58387455 58482217 69793590 70179343 13114427 91883220 73141342 
7 182327307
74034433 75811768 59911957 82327307 94576456 61126878 41452977 
19 787510064
23473541 23371826 36973764 95943269 63851401 55122098 37058698 60076763 13801515 50385413 97981495 19696523 35514571 45480206 53758357 16445904 12053310 46521410 81335844 
