743290350 219367823
524511730 188111272
79855095 488738895
903924152 249013145
548970703 159501797
950116474 888922514
792519636 126666271
848031558 797539096
937378013 87937581
961466682 655709917
391864836 136818131
99870710 661479017
311915406 986428570
893696721 367906439
538920130 723721021
323777406 740595893
876244543 925887923
838465502 459651625
589368670 304907414
117627626 435134695
941948273 563281699
810430693 341511089
983001914 320349869
815223973 698654959
720305135 118425200
588468575 662510547
306007911 146915933
122013951 583840343
452763960 99754410
314139071 372399444
582565165 872208658
845883642 57560948
561164613 91417602
503164659 199242903
952823486 129675578
90186308 704513609
953507941 368355079
384977577 914861413
516074658 733493763
830190175 467285434
18745001 91554340
529180057 608955440
714847181 436956602
667732569 458385642
955725402 15860677
38388417 34054343
951082531 105401843
793255907 224681796
94808508 527582139
439921684 501788072
783362750 521853789
284970274 571146064
723660190 506287325
449557009 873395977
306683080 89900367
85738384 493711388
40030346 264969023
958258492 760071512
851606401 906228540
503986148 510622364
759411656 682404659
435496492 826741439
191339809 319935780
394119276 227908773
696102595 742517845
832796791 64336343
541367799 740318658
535298890 218264897
469299 498674653
783640276 562661545
36347220 634801188
732042611 613258318
57458047 59053904
500597920 358660090
151671640 695757209
751832590 369355781
158537461 577629920
436940220 671946573
300420846 610215275
747631128 181032183
668115028 939962828
454988247 826970054
397249629 476552455
193002500 910868849
346574679 942292404
795910894 794205186
798603484 946116452
528015658 475330238
995885822 322395394
641401 598378964
705438027 573513850
938610660 698764538
67309000 162150156
184936688 277390412
302607185 425954798
452567831 891150698
490017699 198980381
664798963 541053047
619839047 352058479
833088672 840625950
