260520
914574
436424
979444
648768
690080
933446
190628
703496
47200
407774
894324
963980
804768
968416
302152
631928
735900
895712
78536
723856
330738
286916
329210
539678
238504
63336
686560
361864
660000
287936
296262
224592
601448
836990
890308
823354
177064
11430
8576
291756
449216
374932
594320
163672
829354
996220
899072
195920
531544
748510
34066
575466
338672
284690
206496
999834
262032
344964
959976
381220
45894
32500
948144
708324
147730
229300
248152
309888
119020
797488
208398
870606
766464
374400
831500
53952
628332
187474
233728
900080
987008
979692
27264
207352
624704
538408
216448
902642
928120
751950
723488
804416
328196
828606
497924
472166
560716
363436
89184
106984
216096
976482
823616
509804
790880
676856
345558
56552
488500
723552
422960
172324
697434
309278
120448
627326
482548
429824
386594
708192
778688
787656
890638
789984
849128
226466
298988
207956
602580
746592
347464
661472
811928
179774
412580
189768
999454
383716
504624
616806
419334
281896
91520
986528
715810
179568
414144
3376
656952
508912
880112
216314
703684
689332
550380
701376
278324
670976
333552
270960
214956
514848
248230
422060
621184
371584
664304
2976
357560
441888
670048
68746
390942
181736
347592
287468
977368
612512
20442
396006
469524
3298
430408
357162
6698
863570
958464
387454
482216
793588
179342
114426
883216
141340
104576
884238
454464
965874
122600
731256
571448
443376
480032
537424
138236
172454
273516
971652
34432
811760
911956
327306
576448
126876
452976
45360
601998
854880
473540
371824
973760
943268
851400
122096
58696
76762
801514
385412
981494
696522
514570
480204
758356
445888
53308
521408
335840
347610
497480
90408
193558
649260
401392
958948
41106
768544
832736
197986
404978
22304
994684
589290
905540
186540
799132
811092
852750
792088
10896
235728
710208
829960
238296
641822
640704
415296
882272
704916
344336
127168
798182
407964
635736
353540
829554
510002
963312
518240
66012
837610
853972
654930
402016
469608
816160
700288
891150
284198
899872
668824
168892
253938
593736
944372
338322
876844
115818
81152
165156
980812
886342
571884
291196
803096
611840
91708
953878
815478
572460
643012
569122
729728
265392
847092
429446
359016
9088
773962
979672
97828
998976
819928
585320
106664
72644
69384
739190
631352
157604
97108
374452
13352
90242
927692
531852
152296
313074
599830
890972
708704
891836
470694
9844
587152
451672
495304
387864
825520
160944
411230
915328
502352
646330
425688
648026
663412
193080
178436
765062
569856
847356
70264
147800
226094
818372
264806
105050
844864
489476
729808
311296
167006
582304
302976
164498
49648
171704
768398
977820
493696
941014
506380
867266
242280
450236
497118
836110
539924
553440
559784
309824
799936
683700
771872
876928
165654
53520
394488
566944
361130
756608
142444
701652
794432
183520
534848
322682
802540
275224
980740
102484
526100
869660
808528
876960
363552
381902
50272
314756
389768
205764
203258
453216
405832
713740
192052
989016
76324
655394
266948
565924
425024
417848
86376
632710
469082
48176
569788
552558
455944
108344
780264
912320
707500
220554
198768
661784
456674
691296
698664
432320
24912
753664
982512
244856
507148
850944
233806
444534
621590
356280
563080
351264
420896
483672
400840
270938
319592
263716
816002
556332
272640
856470
280964
681120
531082
59102
712364
751148
25728
175744
517472
242236
803056
802720
426772
678068
762120
21272
896624
11552
937454
94744
71872
476060
515888
486952
405312
102032
346732
626344
851088
139632
88208
433716
813134
908210
917036
291482
982016
488664
61776
700224
404344
264126
236396
98800
359296
985756
914564
984590
776370
476072
285804
504960
209278
668368
943308
990440
348328
118124
803428
910660
715240
321164
964868
669392
554312
179512
210900
962686
416744
936612
829964
234220
941120
975744
82232
648310
502996
382192
219836
403168
387004
820802
213710
242546
529120
685440
548342
913430
37416
482922
85842
453238
106312
177902
698900
512620
188534
345776
78274
373320
712176
291400
926260
832968
374092
188746
281560
728236
891696
764270
134832
20496
419416
45100
974742
635432
463896
711276
8108
238644
449486
613320
400244
653888
665520
425242
664256
117960
618388
783580
500788
314618
644672
286476
613898
284024
309912
626132
691904
233178
451064
468696
194726
251050
397704
990762
882496
722470
291064
525648
473264
78848
620048
617984
586318
365410
124448
156624
223114
777760
921376
155516
83756
439760
60678
53800
8524
959988
692966
693600
280474
332288
790248
751404
882198
286556
738952
487354
411990
546538
516504
483636
75264
928252
971064
199728
310424
654106
736928
285328
156784
312764
872864
238158
125416
949648
999760
551936
739708
139904
606964
961268
700474
978456
396800
262636
904512
949804
183000
432158
326220
714422
969324
205904
696418
638504
374720
207874
843614
859754
685672
39456
648244
881110
736148
54996
687784
710072
901376
402482
773210
607960
212484
609928
678576
785582
76224
677656
65134
896670
242684
288150
65194
491336
187580
709544
189902
568832
77800
608432
262358
811984
947192
177146
748118
922926
881520
855308
229746
869322
828292
446304
117796
939398
293652
751648
425016
830712
368672
431072
107734
210606
444448
816416
360684
166564
155780
335164
414208
335884
118130
240256
682436
56512
232336
441344
906452
667142
709576
146616
600192
562048
260320
222376
88412
292992
871008
256632
597784
987832
542148
112
48824
476252
826740
664766
590160
117636
664964
262668
408268
648644
984540
609398
59360
549924
821234
67150
20272
504348
169360
8472
641104
874780
244944
368140
76034
667336
942456
348058
604048
398708
356994
794846
154972
502380
553224
42208
323808
664942
393024
781526
848608
728494
232296
264654
205566
495696
85788
888776
869994
369904
619008
112296
542632
743648
422304
445580
888852
816096
228880
738616
766426
973924
389354
565232
875068
977048
824176
38132
526738
740318
884532
15384
199298
655556
757712
370120
270860
887764
555920
741440
257600
618376
860128
528880
728964
988044
617088
508008
416148
418688
492326
447584
538554
286412
404858
915962
858138
543590
804968
598856
617832
645910
26272
894872
260144
833676
242212
685544
41742
530608
308878
187936
253936
474780
804552
871530
19494
46816
6992
573470
508864
502588
213884
211592
187488
672168
581492
158952
439220
458128
3056
325622
210980
604180
949056
43728
384364
362370
887892
244456
943174
841952
612308
464252
591428
276272
510994
297808
330124
593882
384360
506336
562714
419136
629334
480176
362360
327872
344344
148608
388044
728606
216652
607220
896512
565210
664806
786702
986612
952544
476262
294350
18290
847724
708772
629540
694642
266180
363340
561718
19128
589628
873952
400156
816802
503000
853024
348642
101336
446670
804772
360904
593888
872776
367930
916676
755918
478944
78592
930048
833546
11260
577432
780950
567316
108428
867390
443992
677822
964502
11962
582344
524968
62404
743852
330660
443030
740988
555850
878224
365262
51408
177498
189176
