629141684
832593057
359732239
296126602
621221353
702804108
611560751
822809322
492402040
70981181
471843982
174759321
754831010
590740994
630616747
810887674
33970388
470121652
476201318
879973566
30296408
89740555
250520794
104539760
892556718
446625010
299963892
393914643
461730175
238864106
367555738
714575823
351221131
503785611
441465296
130699991
719433114
224610523
212230489
255723373
121230429
234678818
898201371
110574105
977046133
285301464
113264391
991413487
314753360
422892178
300771593
230589558
689140257
265557068
2336603
788822427
404969974
382227845
884042721
776848403
944507174
896045273
743052514
264313544
286736197
204626417
112914393
37992464
431040210
943629159
8993005
105668504
815612648
420175511
832985116
264577995
688031725
643749665
312181627
974635245
26593973
999710583
135108871
131348044
306827129
51476962
445450980
630510802
935132531
965736211
315191848
33268984
778977895
2115677
656960813
419305273
540456147
723436890
38060123
443019824
