131964388
574681406
657556224
825776934
655945138
748306659
26841916
279594203
545921531
716783162
159468836
29788978
54847191
77992979
238896781
575683615
958320351
973380321
906152539
997253551
509388466
295951059
435313786
507846550
723550200
281558915
654466611
932248079
674836840
228011093
771524196
633026943
830906815
608250398
177479915
291891498
983079801
578134371
560467647
905169207
935537238
645376303
460252596
662399116
23222576
326079433
442955233
933818963
653826050
889237865
859065762
859910515
187298740
177754104
849773706
309975008
508943235
907484829
679007008
771809564
266136278
508463512
280651891
889210357
262107456
215698203
694376029
319608241
571995986
161547106
335914360
366922002
931620116
115739149
895041808
530973708
677517497
103006579
487219400
546123405
394763371
790093467
489003861
303191721
764141059
477412931
323537712
353906667
153230308
995827833
239553358
236339977
892070660
308812535
603978949
803498569
832789130
303423669
168587145
807353006
