100
575 260522
445 436426
81 648772
629 933447
202 703497
325 407775
784 963982
156 968417
902 631932
537 895728
739 723857
211 286918
506 539679
568 63340
16 361868
263 287940
449 224593
310 836991
68 823355
580 11431
218 291757
328 374934
355 163676
80 996221
545 195922
67 748511
674 575467
504 284691
34 999835
980 344965
895 381221
152 32501
731 708325
153 229302
22 309896
399 797489
466 870607
502 374432
333 53968
792 187475
10 900084
328 979694
712 207354
480 538409
121 902643
492 751951
197 804420
925 828607
717 472167
200 363438
104 106986
620 976483
881 509806
559 676858
502 56553
962 723554
435 172325
464 309279
549 627327
595 429832
720 708200
639 787658
130 789992
989 226467
581 207958
466 746600
929 661473
581 179775
455 189770
628 383718
335 616807
552 281898
811 986530
148 179569
954 3384
114 508913
686 216315
382 689334
326 701392
553 671008
957 270962
231 514850
185 422061
305 371588
564 2980
52 441890
943 68747
593 181740
370 287469
443 612516
525 396007
412 3299
699 357163
976 863571
217 387455
343 793590
220 114427
584 141342
496 884239
601 965875
