100
7914575 81260158260522
4979445 47116602436426
3690081 8917861648772
6190629 9054433933447
1047202 45426262703497
8894325 42184971407775
2804784 24828731963982
302156 12150450968417
1735902 62258982631932
3078537 75141880895728
9330739 51282707723857
2329211 74001910286918
3238506 74611404539679
2686568 66337317063340
5660016 22432773361868
9296263 94448650287940
2601449 5575462224593
1890310 4352384836991
2177068 99943576823355
8008580 83020404011431
449218 34583954291757
594328 88604155374934
7829355 80230164163676
1899080 90476138996221
5531545 55710353195922
34067 87048910748511
338674 16466913575467
3206504 44292824284691
1262034 13034180999835
7959980 64706138344965
6045895 79508131381221
6948152 9381208032501
6147731 44628973708325
6248153 26816893229302
7119022 42795298309896
5208399 51236455797489
9766466 55808190870607
7831502 22624554374432
7628333 1335694053968
9233792 48607469187475
8987010 86599810900084
7027328 19260799979694
1624712 3515575207354
1216480 55439666538409
9928121 9041597902643
4723492 5725727751951
9328197 16458265804420
7497925 61263234828607
7560717 64465360472167
9089200 14793613363438
6216104 60787741106986
6823620 18727325976483
2790881 26945279509806
2345559 16530009676858
2488502 66605322056553
422962 46568444723554
6697435 28829027172325
2120464 85201040309279
9482549 87646751627327
6386595 62562277429832
778720 101471708200
6890639 99645417787658
1849130 71692248789992
2298989 84023203226467
1602581 72610938207958
6347466 40258313746600
9811929 86477864661473
6412581 49173787179775
7999455 53609803189770
1504628 69471116383718
3419335 32663174616807
8091552 90559374281898
9715811 6624286986530
1414148 76140702179569
656954 25757527003384
880114 43902893508913
3703686 93702519216315
9550382 88965370689334
4278326 39850846701392
6333553 97751574671008
9214957 54602889270962
9248231 73792121514850
4621185 29613935422061
9664305 60960219371588
7357564 52254394002980
8670052 37115317441890
2390943 93122414068747
1347593 59653067181740
8977370 84815602287469
7020443 89310383612516
1469525 6051753396007
1430412 38728083003299
1006699 39873092357163
9958976 55550318863571
8482217 3781258387455
179343 17079969793590
1883220 41654713114427
7104584 62108073141342
8454496 27919192884239
9122601 82347327965875
