396855
48182
563997
227626
690820
704074
871194
874465
414298
217298
93340
924965
667995
187393
382518
350260
434372
374949
657155
703825
381872
725506
908207
344623
151233
276927
960913
461976
829808
635088
640215
626146
962107
527244
171300
600295
537632
383058
432227
200430
727192
680392
979408
433232
765687
180761
6016
675493
88188
988081
835049
10143
279378
685730
174841
952380
370783
752882
425796
296612
258158
549281
450413
509939
943694
694456
807846
937400
3594
53681
733196
325734
741275
662105
253136
314519
369038
314769
717732
964099
840874
929864
917996
212595
932791
673118
741171
363339
108130
136064
323750
349815
705938
291584
663456
899982
885312
367572
165349
532369
841459
141760
882372
211302
428727
217965
512706
996804
464435
641082
227871
461899
754833
106030
93894
749240
290778
597101
262286
599592
537484
803646
342354
98175
367495
571463
86814
876595
195516
412583
274431
890808
987425
797415
488956
654128
240705
634909
139223
691042
424645
596933
929175
406398
653929
49460
902335
551483
594254
247749
957316
352069
929479
137561
617396
296650
442544
265544
524385
575255
316005
282663
358681
25938
332097
526867
805922
673719
741954
839673
564337
367427
90924
341638
800956
81735
135660
107520
32609
989169
552953
406260
694023
254680
682444
622710
136877
157571
325685
393988
401059
246178
72283
877616
242569
65045
305906
171915
216518
84677
520480
636977
843902
257539
283780
912943
453541
247064
155131
247447
55373
961156
781982
288248
706267
353897
268506
213517
602371
859642
497031
173140
84111
112084
348158
470540
904092
953045
634867
517580
194123
648104
947031
344176
306179
160933
174762
646216
477215
560843
434323
640609
850284
577555
330995
415358
358016
805025
760413
75800
8950
110234
666547
834534
842780
777065
495933
138181
230358
352769
5856
59254
579028
573463
290080
512296
80302
144248
912237
451776
514599
785905
15048
703728
257454
673316
752045
804040
904405
903591
643900
812509
806107
294382
645872
115205
674622
243064
387015
909842
847582
159301
521590
328219
788901
642919
454367
563544
311713
762243
310637
286010
260299
510628
840396
453247
589188
796973
332612
731073
928863
90404
568135
543561
535698
771094
92576
519982
353139
370111
621177
126878
677372
918340
335713
211740
831370
414191
934690
747038
604791
537035
253045
599075
941514
774692
969904
497363
486023
352527
792212
475464
826620
463654
870670
827605
206121
605042
170325
583507
707937
882395
741766
245649
348440
175749
787356
196501
256995
994783
827410
321097
90891
861714
71119
730141
818795
756455
521714
689241
915188
502505
167867
167339
619692
740465
378300
734405
98297
119665
281678
62302
968152
757383
452888
706045
227557
958460
964147
250957
96886
903537
942184
638776
348564
359321
842028
679354
137881
777967
610812
175247
357228
745941
751573
756803
694193
102821
538546
328481
267516
476797
751160
102214
804946
818685
539178
413906
433149
98822
153257
576382
194921
697927
352719
758149
263341
659418
166278
696571
113114
132932
512540
922100
5505
999229
82407
733805
957206
86942
584009
525760
4167
939089
737903
696950
830621
862543
713602
114872
70480
52863
834477
320433
813392
456747
824375
510193
101240
231254
507323
268221
200414
652234
666889
332390
970262
915158
879934
502434
999174
978865
279498
989905
761994
987244
344332
827031
540940
106142
986635
335011
898411
147609
32894
25903
286554
344681
391876
300522
337184
975931
511200
909186
70089
361884
748280
379508
753240
284243
366843
435003
474596
633871
41271
562825
126371
633307
900406
350158
607057
157694
598491
556378
315424
168837
842820
307249
490682
729116
177269
442621
289493
554271
178811
909501
537369
676424
518347
215187
898531
450544
604954
884673
878476
640676
750967
962341
714274
814634
282652
626719
72081
306690
627766
586435
500690
684729
493870
43613
622206
151437
811897
107541
534946
62525
494214
882486
914552
953558
221664
788222
233128
619481
408847
862538
583590
771614
289592
642223
780646
349146
473951
142625
450702
112523
330539
550915
572222
985949
124347
899415
544691
761518
44740
903823
262607
556685
961740
370315
288461
147973
403521
171621
153544
614328
237835
265004
186596
206429
471725
203490
163966
790849
333506
801071
39165
592762
143389
594602
811393
529609
502285
10565
944237
587293
482099
547206
233711
311689
574109
180771
385699
696835
437974
452292
299911
101860
552824
316276
939197
775644
253368
879548
124275
779309
645389
794721
540584
564621
140357
43664
175282
918015
286680
729348
804225
477561
985388
997711
307577
798098
448286
682914
285047
911179
867653
966202
479058
531059
302518
940935
928993
67139
297179
921692
631120
196919
312352
425557
968794
216820
711683
915386
899289
572587
188138
153486
27372
310042
719123
215218
719454
684041
575963
419081
521492
547365
893224
270682
430648
827283
248907
819209
995388
295919
445222
325279
126628
811770
703495
330759
942163
256169
981097
50020
825641
906795
924287
173003
468355
164444
718811
899303
619416
609019
522073
81829
418960
786955
817464
74582
172690
924198
700373
565441
908671
909872
768823
58952
757387
653446
720495
6841
541303
25583
929808
213048
121356
137735
989989
866939
580527
871933
368534
169361
988334
721777
271214
838015
867276
966482
973536
381874
907802
979590
325093
24107
511152
877335
110268
78869
588524
710588
89327
905752
916859
758877
399268
191245
833432
565445
192820
769108
211155
330504
409002
830257
321902
215244
782565
106470
423546
443333
719949
665451
404926
341982
347838
98118
153316
551518
897296
962231
805620
958399
228841
664446
45381
881346
84873
137581
124818
586204
456437
974431
631815
477394
667967
275533
661901
66097
695095
22555
273699
300316
703700
911571
506455
958575
853378
292553
381081
712409
234187
338184
305661
666677
963742
337040
311248
40729
573479
541237
231053
613865
713155
141434
541826
835128
645795
287105
522523
606954
194720
277257
857411
507450
521169
11384
612521
120371
842288
542134
130059
816112
416778
138239
631738
831920
114904
127824
848396
418317
633340
579981
747667
732746
352937
445495
320141
626346
445520
199439
772660
7990
759374
623112
646302
345876
275181
27371
953332
609248
772271
2198
37524
234503
699267
880457
233129
997007
5113
265652
682706
443133
217107
99551
484102
297998
502409
357318
517228
220343
207614
566429
758199
588364
959321
224464
318953
552886
534750
102339
697470
729701
310037
261271
265297
459548
319616
473481
894170
694706
466699
403125
92217
828575
335361
992804
574068
208716
966707
823399
393506
699394
984425
57661
788420
751096
88768
790846
502423
520783
810126
598379
159406
990617
54274
117412
360272
919770
785261
75742
536717
610318
801245
318167
837025
783384
858636
644100
86986
381176
205845
516689
27507
215640
605290
77228
177218
372331
86050
461120
233634
905653
997192
817646
710313
383922
361843
838644
688734
652188
174534
162058
505280
149593
165022
949551
846519
581715
880055
561993
425893
236062
521130
531557
115611
420297
